# Created by Octave 4.4.1, Sun Jan 27 16:55:04 2019 GMT <unknown@VA-LAPTOP>
# name: m_norep_results
# type: matrix
# rows: 80
# columns: 3
 1000 1 1
 1000 2 2
 2000 1 1
 2000 3 3
 5000 3 4
 5000 2 2
 500 2 2
 500 3 4
 2000 3 3
 1000 2 3
 1000 3 2
 5000 2 4
 500 1 4
 1000 3 4
 5000 3 3
 5000 4 4
 2000 2 2
 1000 1 1
 5000 2 3
 1000 2 3
 500 2 2
 5000 2 3
 5000 3 3
 2000 2 3
 500 2 3
 2000 2 2
 500 3 2
 5000 2 2
 500 3 4
 1000 3 2
 1000 3 3
 1000 3 3
 2000 2 2
 2000 3 3
 2000 2 3
 500 1 1
 5000 2 4
 5000 1 1
 2000 2 3
 500 2 2
 500 2 3
 1000 3 2
 2000 3 4
 1000 1 1
 2000 2 3
 500 3 4
 2000 2 3
 2000 2 3
 5000 2 2
 5000 2 3
 500 2 3
 1000 2 4
 5000 1 1
 1000 1 1
 500 2 4
 5000 3 4
 5000 2 3
 2000 2 2
 5000 1 1
 2000 3 3
 5000 2 2
 500 3 4
 1000 2 2
 500 2 2
 1000 1 1
 500 1 1
 1000 3 4
 500 4 4
 500 1 1
 1000 3 4
 2000 2 2
 5000 3 4
 2000 3 4
 500 1 1
 5000 3 3
 1000 4 4
 1000 2 2
 2000 3 4
 500 3 4
 2000 2 4


